/* -*- buffer-read-only: t -*-
   !!!!!!!   DO NOT EDIT THIS FILE   !!!!!!!
   This file is built by regen_perly.pl from perly.y.
   Any changes made here will be lost!
 */

#define YYFINAL  16
/* YYLAST -- Last index in YYTABLE.  */
#define YYLAST   3119

/* YYNTOKENS -- Number of terminals.  */
#define YYNTOKENS  119
/* YYNNTS -- Number of nonterminals.  */
#define YYNNTS  108
/* YYNRULES -- Number of rules.  */
#define YYNRULES  313
/* YYNSTATES -- Number of states.  */
#define YYNSTATES  621

#define YYUNDEFTOK  2
#define YYMAXUTOK   373

/* YYTRANSLATE(TOKEN-NUM) -- Symbol number corresponding to TOKEN-NUM
   as returned by yylex, with out-of-bounds checking.  */
#define YYTRANSLATE(YYX)                                                \
  ((unsigned) (YYX) <= YYMAXUTOK ? yytranslate[YYX] : YYUNDEFTOK)

/* YYTRANSLATE[TOKEN-NUM] -- Symbol number corresponding to TOKEN-NUM
   as returned by yylex.  */
static const yytype_uint8 yytranslate[] =
{
       0,     2,     2,     2,     2,     2,     2,     2,     2,     2,
       2,     2,     2,     2,     2,     2,     2,     2,     2,     2,
       2,     2,     2,     2,     2,     2,     2,     2,     2,     2,
       2,     2,     2,     2,     2,     2,     2,     2,     2,     2,
       2,     2,     2,     2,     2,     2,     2,     2,     2,     2,
       2,     2,     2,     2,     2,     2,     2,     2,     2,     2,
       2,     2,     2,     2,     2,     2,     2,     2,     2,     2,
       2,     2,     2,     2,     2,     2,     2,     2,     2,     2,
       2,     2,     2,     2,     2,     2,     2,     2,     2,     2,
       2,     2,     2,     2,     2,     2,     2,     2,     2,     2,
       2,     2,     2,     2,     2,     2,     2,     2,     2,     2,
       2,     2,     2,     2,     2,     2,     2,     2,     2,     2,
       2,     2,     2,     2,     2,     2,     2,     2,     2,     2,
       2,     2,     2,     2,     2,     2,     2,     2,     2,     2,
       2,     2,     2,     2,     2,     2,     2,     2,     2,     2,
       2,     2,     2,     2,     2,     2,     2,     2,     2,     2,
       2,     2,     2,     2,     2,     2,     2,     2,     2,     2,
       2,     2,     2,     2,     2,     2,     2,     2,     2,     2,
       2,     2,     2,     2,     2,     2,     2,     2,     2,     2,
       2,     2,     2,     2,     2,     2,     2,     2,     2,     2,
       2,     2,     2,     2,     2,     2,     2,     2,     2,     2,
       2,     2,     2,     2,     2,     2,     2,     2,     2,     2,
       2,     2,     2,     2,     2,     2,     2,     2,     2,     2,
       2,     2,     2,     2,     2,     2,     2,     2,     2,     2,
       2,     2,     2,     2,     2,     2,     2,     2,     2,     2,
       2,     2,     2,     2,     2,     2,     1,     2,     3,     4,
       5,     6,     7,     8,     9,    10,    11,    12,    13,    14,
      15,    16,    17,    18,    19,    20,    21,    22,    23,    24,
      25,    26,    27,    28,    29,    30,    31,    32,    33,    34,
      35,    36,    37,    38,    39,    40,    41,    42,    43,    44,
      45,    46,    47,    48,    49,    50,    51,    52,    53,    54,
      55,    56,    57,    58,    59,    60,    61,    62,    63,    64,
      65,    66,    67,    68,    69,    70,    71,    72,    73,    74,
      75,    76,    77,    78,    79,    80,    81,    82,    83,    84,
      85,    86,    87,    88,    89,    90,    91,    92,    93,    94,
      95,    96,    97,    98,    99,   100,   101,   102,   103,   104,
     105,   106,   107,   108,   109,   110,   111,   112,   113,   114,
     115,   116,   117,   118
};

#if YYDEBUG
  /* YYRLINE[YYN] -- Source line where rule number YYN was defined.  */
static const yytype_uint16 yyrline[] =
{
       0,   156,   156,   155,   167,   166,   177,   176,   190,   189,
     203,   202,   216,   215,   226,   225,   239,   241,   247,   249,
     254,   262,   266,   273,   278,   285,   291,   295,   297,   294,
     304,   305,   315,   316,   325,   329,   333,   340,   350,   352,
     365,   362,   386,   381,   415,   414,   441,   453,   452,   461,
     467,   473,   478,   480,   482,   489,   497,   499,   496,   516,
     521,   530,   537,   536,   551,   559,   566,   565,   580,   587,
     586,   606,   610,   614,   619,   627,   645,   646,   650,   654,
     656,   658,   660,   662,   664,   666,   669,   675,   676,   681,
     692,   693,   698,   700,   705,   712,   713,   717,   721,   725,
     730,   734,   738,   739,   742,   748,   753,   759,   760,   765,
     766,   771,   772,   774,   779,   781,   792,   794,   799,   801,
     805,   825,   826,   828,   834,   899,   901,   907,   909,   913,
     919,   920,   925,   926,   930,   934,   934,  1001,  1002,  1007,
    1019,  1020,  1024,  1035,  1037,  1039,  1043,  1045,  1050,  1054,
    1058,  1062,  1068,  1073,  1079,  1085,  1087,  1089,  1092,  1091,
    1102,  1103,  1107,  1111,  1114,  1119,  1124,  1127,  1131,  1135,
    1141,  1149,  1156,  1162,  1164,  1166,  1171,  1173,  1175,  1180,
    1182,  1184,  1186,  1188,  1190,  1192,  1194,  1196,  1198,  1200,
    1204,  1206,  1208,  1210,  1214,  1216,  1220,  1222,  1224,  1226,
    1230,  1232,  1237,  1239,  1242,  1244,  1246,  1249,  1252,  1263,
    1266,  1274,  1276,  1278,  1281,  1287,  1289,  1293,  1294,  1295,
    1296,  1297,  1299,  1301,  1303,  1305,  1307,  1309,  1311,  1313,
    1315,  1317,  1319,  1321,  1323,  1333,  1343,  1353,  1363,  1365,
    1367,  1370,  1375,  1379,  1381,  1383,  1385,  1388,  1390,  1393,
    1395,  1397,  1399,  1401,  1403,  1405,  1407,  1409,  1412,  1414,
    1416,  1418,  1420,  1422,  1426,  1429,  1428,  1441,  1442,  1443,
    1448,  1450,  1452,  1454,  1459,  1461,  1464,  1466,  1468,  1474,
    1475,  1479,  1480,  1484,  1485,  1490,  1495,  1497,  1501,  1504,
    1508,  1509,  1510,  1513,  1514,  1517,  1518,  1521,  1525,  1529,
    1535,  1541,  1543,  1547,  1551,  1552,  1556,  1557,  1561,  1562,
    1567,  1569,  1571,  1574
};
#endif

#if YYDEBUG || YYERROR_VERBOSE || 0
/* YYTNAME[SYMBOL-NUM] -- String name of the symbol SYMBOL-NUM.
   First, the terminals, then, starting at YYNTOKENS, nonterminals.  */
static const char *const yytname[] =
{
  "$end", "error", "$undefined", "GRAMPROG", "GRAMEXPR", "GRAMBLOCK",
  "GRAMBARESTMT", "GRAMFULLSTMT", "GRAMSTMTSEQ", "GRAMSUBSIGNATURE",
  "PERLY_AMPERSAND", "PERLY_BRACE_OPEN", "PERLY_BRACE_CLOSE",
  "PERLY_BRACKET_OPEN", "PERLY_BRACKET_CLOSE", "PERLY_COMMA",
  "PERLY_DOLLAR", "PERLY_DOT", "PERLY_EQUAL_SIGN", "PERLY_MINUS",
  "PERLY_PERCENT_SIGN", "PERLY_PLUS", "PERLY_SEMICOLON", "PERLY_SLASH",
  "PERLY_SNAIL", "PERLY_STAR", "KW_FORMAT", "KW_PACKAGE", "KW_CLASS",
  "KW_LOCAL", "KW_MY", "KW_IF", "KW_ELSE", "KW_ELSIF", "KW_UNLESS",
  "KW_FOR", "KW_UNTIL", "KW_WHILE", "KW_CONTINUE", "KW_GIVEN", "KW_WHEN",
  "KW_DEFAULT", "KW_TRY", "KW_CATCH", "KW_FINALLY", "KW_DEFER",
  "KW_REQUIRE", "KW_DO", "KW_USE_or_NO", "KW_SUB_named",
  "KW_SUB_named_sig", "KW_SUB_anon", "KW_SUB_anon_sig", "KW_METHOD_named",
  "KW_METHOD_anon", "BAREWORD", "METHCALL0", "METHCALL", "THING", "PMFUNC",
  "PRIVATEREF", "QWLIST", "FUNC0OP", "FUNC0SUB", "UNIOPSUB", "LSTOPSUB",
  "PLUGEXPR", "PLUGSTMT", "LABEL", "LOOPEX", "DOTDOT", "YADAYADA", "FUNC0",
  "FUNC1", "FUNC", "UNIOP", "LSTOP", "MULOP", "ADDOP", "DOLSHARP",
  "HASHBRACK", "NOAMP", "COLONATTR", "FORMLBRACK", "FORMRBRACK",
  "SUBLEXSTART", "SUBLEXEND", "PHASER", "PREC_LOW", "OROP", "ANDOP",
  "NOTOP", "ASSIGNOP", "PERLY_QUESTION_MARK", "PERLY_COLON", "OROR",
  "DORDOR", "ANDAND", "BITOROP", "BITANDOP", "CHEQOP", "NCEQOP", "CHRELOP",
  "NCRELOP", "SHIFTOP", "MATCHOP", "PERLY_EXCLAMATION_MARK", "PERLY_TILDE",
  "UMINUS", "REFGEN", "POWOP", "PREINC", "PREDEC", "POSTINC", "POSTDEC",
  "POSTJOIN", "ARROW", "PERLY_PAREN_CLOSE", "PERLY_PAREN_OPEN", "$accept",
  "grammar", "@1", "@2", "@3", "@4", "@5", "@6", "@7", "package_or_class",
  "sigsub_or_method_named", "block", "empty", "formblock", "remember",
  "mblock", "mremember", "catch_paren", "$@8", "$@9", "stmtseq",
  "formstmtseq", "fullstmt", "labfullstmt", "barestmt", "$@10", "$@11",
  "$@12", "$@13", "$@14", "$@15", "@16", "$@17", "$@18", "formline",
  "formarg", "condition", "sideff", "else", "cont", "finally", "mintro",
  "nexpr", "texpr", "iexpr", "mexpr", "mnexpr", "formname", "startsub",
  "startanonsub", "startformsub", "subname", "proto", "subattrlist",
  "myattrlist", "sigvarname", "sigslurpsigil", "sigslurpelem",
  "sigdefault", "sigscalarelem", "sigelem", "siglist", "optsiglist",
  "optsubsignature", "subsignature", "subsigguts", "$@19", "optsubbody",
  "subbody", "optsigsubbody", "sigsubbody", "expr", "listexpr", "listop",
  "@20", "methodname", "subscripted", "termbinop", "termrelop",
  "relopchain", "termeqop", "eqopchain", "termunop", "anonymous", "termdo",
  "term", "@21", "myattrterm", "myterm", "optlistexpr", "optexpr",
  "optrepl", "my_scalar", "list_of_scalars", "my_list_of_scalars",
  "my_var", "refgen_topic", "my_refgen", "amper", "scalar", "ary", "hsh",
  "arylen", "star", "sliceme", "kvslice", "gelem", "indirob", YY_NULLPTR
};
#endif

# ifdef YYPRINT
/* YYTOKNUM[NUM] -- (External) token number corresponding to the
   (internal) symbol number NUM (which must be that of a token).  */
static const yytype_uint16 yytoknum[] =
{
       0,   256,   257,   258,   259,   260,   261,   262,   263,   264,
     265,   266,   267,   268,   269,   270,   271,   272,   273,   274,
     275,   276,   277,   278,   279,   280,   281,   282,   283,   284,
     285,   286,   287,   288,   289,   290,   291,   292,   293,   294,
     295,   296,   297,   298,   299,   300,   301,   302,   303,   304,
     305,   306,   307,   308,   309,   310,   311,   312,   313,   314,
     315,   316,   317,   318,   319,   320,   321,   322,   323,   324,
     325,   326,   327,   328,   329,   330,   331,   332,   333,   334,
     335,   336,   337,   338,   339,   340,   341,   342,   343,   344,
     345,   346,   347,   348,   349,   350,   351,   352,   353,   354,
     355,   356,   357,   358,   359,   360,   361,   362,   363,   364,
     365,   366,   367,   368,   369,   370,   371,   372,   373
};
# endif

#define YYPACT_NINF -514

#define yypact_value_is_default(Yystate) \
  (!!((Yystate) == (-514)))

#define YYTABLE_NINF -309

#define yytable_value_is_error(Yytable_value) \
  (!!((Yytable_value) == (-309)))

  /* YYPACT[STATE-NUM] -- Index in YYTABLE of the portion describing
     STATE-NUM.  */
static const yytype_int16 yypact[] =
{
     716,  -514,  -514,  -514,  -514,  -514,  -514,  -514,    36,  -514,
    2832,    42,  1653,  1550,  -514,  -514,  -514,  -514,   258,  2832,
     258,  2832,   258,  2832,   258,   258,  2832,     9,  2832,  2248,
    -514,  -514,  -514,   258,   258,  -514,  -514,    38,   -47,  -514,
    2832,  -514,  -514,  2832,   -31,   -11,     8,  2248,  2175,   258,
    2832,   102,  2832,  2832,  2832,  2832,  2832,  2832,  2321,  -514,
     155,    98,  -514,     1,  -514,    -5,    54,   184,    32,  -514,
    -514,  -514,   563,  -514,  -514,    26,   180,   186,   192,  -514,
     154,   195,   229,   169,  -514,  -514,  -514,  -514,  -514,  -514,
    -514,    72,   108,     7,   113,   133,   138,   150,    42,   202,
     202,  -514,   102,  -514,  -514,  -514,   146,  -514,   162,   102,
     240,  -514,   265,   246,  1550,  -514,  -514,  -514,  -514,   717,
    -514,   291,   820,  -514,  -514,  -514,  -514,  -514,   276,  -514,
     344,  -514,   344,  -514,  -514,   570,  2905,  2394,   209,  -514,
    -514,  -514,   570,  -514,   570,   241,   243,  2832,   196,   217,
    2832,   215,   570,    42,   563,   223,  2467,  2832,  2175,  -514,
     570,  2067,  -514,    98,  -514,  1961,  2832,  -514,   304,  -514,
    -514,  2832,    98,   344,   344,   344,   268,   268,   328,    97,
    2832,  2832,  2832,  2832,  2832,  2540,  -514,  -514,  2832,  -514,
    -514,  2832,  2832,  2832,  2832,  2832,  2832,  2832,  2832,  2832,
    2832,  2832,  2832,  2832,  2832,  2832,  2832,  2832,  2832,  -514,
    -514,  -514,   153,  2613,  2832,  2832,  2832,  2832,  2832,  2832,
    2832,  -514,   289,  -514,  -514,   236,   378,  -514,  -514,   237,
    -514,  -514,  -514,  -514,  -514,  -514,   307,  -514,  -514,  -514,
    -514,  -514,   299,  -514,    42,  -514,  -514,  -514,  2832,  2832,
    2832,  2832,  2832,  2832,  -514,  -514,  -514,   303,  -514,  -514,
    -514,   303,  -514,  -514,  -514,   353,  -514,  -514,  2686,   344,
     209,    30,    39,    46,  -514,    99,   311,  -514,  -514,  -514,
     243,   313,  -514,  -514,  -514,  2832,  2832,    14,  -514,  -514,
    -514,  -514,   106,   288,   259,  2832,    98,   363,  -514,  2832,
     372,   296,  -514,   563,    20,    34,  -514,   159,   570,   368,
    2014,   310,   326,   563,   516,  2927,  2927,  2956,  2974,  3003,
     368,   368,   570,   570,   464,   344,   344,   366,  2832,  2832,
     292,   374,   375,   391,  -514,   393,  2759,   275,  -514,  -514,
     211,    93,    41,    95,    52,   132,    62,   148,   932,  -514,
    -514,   401,  2832,  2832,  -514,     4,  -514,  -514,   309,  -514,
    -514,  -514,  -514,  1753,   385,  -514,  2832,  2832,  2832,  2832,
    -514,  -514,   377,  -514,   407,    50,  -514,  -514,  -514,   155,
    -514,  -514,  -514,   155,  -514,  -514,  -514,   338,   338,   291,
      56,   220,  -514,  -514,  -514,  -514,  -514,   315,  -514,   320,
      77,  -514,  2832,  -514,  -514,  -514,   232,  -514,    70,  2832,
     426,  -514,  -514,  2832,  -514,   157,    82,  -514,  -514,  -514,
    -514,  -514,  -514,   234,  2832,  -514,   431,  -514,   432,  -514,
     436,  -514,   438,  -514,  -514,  -514,   334,   155,   335,   439,
     343,  -514,  -514,  -514,  -514,  -514,   345,   444,   199,  -514,
    2832,   350,   357,   155,   358,   359,  1035,   367,   422,   241,
    -514,   475,  -514,  -514,  -514,  -514,   243,  2832,  -514,  -514,
    -514,  -514,    64,  -514,  -514,  -514,   478,  -514,  -514,  2832,
    -514,   404,  -514,  -514,  -514,    85,  -514,  1909,   479,  -514,
    -514,   376,  -514,  -514,  -514,  -514,   470,   202,   202,   480,
     379,  -514,  2832,  2832,   202,  -514,   380,   383,  -514,  -514,
     202,   202,  -514,  -514,  -514,  -514,  2832,   243,  -514,  -514,
     489,   563,   384,  -514,   155,  -514,  -514,  -514,  -514,   413,
     221,   221,   439,   394,   397,   398,   240,  2832,  2832,   202,
     202,   202,  -514,  -514,   439,   202,   494,   407,  1138,  -514,
    -514,  -514,  -514,  -514,  1241,  -514,   202,   399,  -514,  -514,
    -514,  -514,  2832,   202,   202,  -514,   496,   402,   240,   240,
     240,  -514,   458,  -514,  -514,  -514,  1344,  -514,  -514,    25,
    -514,  2832,   408,   240,   240,  -514,   202,  -514,  -514,  -514,
     409,    42,  -514,  -514,   507,   445,  -514,   410,   202,  -514,
    -514,  -514,   240,  -514,  -514,  -514,  -514,  -514,  -514,   202,
     240,  1853,  -514,  1447,   221,  -514,   415,  -514,  -514,   202,
    -514
};

  /* YYDEFACT[STATE-NUM] -- Default reduction number in state STATE-NUM.
     Performed when YYTABLE does not specify something else to do.  Zero
     means the default is an error.  */
static const yytype_uint16 yydefact[] =
{
       0,     2,     4,     6,     8,    10,    12,    14,     0,    23,
      21,     0,     0,     0,    21,   135,     1,    21,     0,    21,
       0,     0,     0,     0,     0,     0,     0,     0,   254,     0,
     105,   105,   267,     0,     0,   238,   265,   226,   260,   262,
     256,   105,   269,   248,   258,     0,     0,   251,    21,     0,
      21,     0,     0,     0,     0,     0,     0,     0,     0,   281,
     282,   145,   268,   233,   217,   181,   190,   182,   196,   218,
     219,   220,   148,   223,     5,   239,   228,   231,   230,   232,
     229,     0,     0,     0,    23,     7,    79,    74,   106,    16,
      17,     0,     0,     0,     0,     0,     0,     0,     0,     0,
       0,   104,     0,    18,    19,    38,     0,   104,     0,     0,
      21,     9,     0,    80,     0,    11,    35,    34,    30,     0,
      15,    21,     0,   310,   313,   312,   311,   297,     0,   298,
     202,   300,   203,   299,   303,   224,     0,     0,   271,   276,
     278,   277,   255,   216,   215,    21,    21,    21,     0,     0,
       0,     0,   257,     0,   249,     0,     0,    21,    21,   252,
     253,   310,   279,   280,   155,   311,     0,   301,     0,   107,
     108,    21,   250,   204,   205,   222,   209,   210,   227,     0,
       0,     0,   146,     0,     0,     0,   193,   192,     0,   199,
     198,     0,     0,     0,     0,     0,     0,     0,     0,     0,
       0,     0,     0,     0,     0,     0,     0,     0,     0,   206,
     207,   208,     0,     0,     0,     0,     0,     0,     0,     0,
       0,    21,    21,    23,    23,    23,     0,    23,    23,     0,
      23,    23,    23,    23,    53,    25,     0,    72,    47,   104,
      73,    44,     0,   104,     0,    90,    68,    71,     0,     0,
       0,     0,     0,     0,    37,    36,    31,   116,   119,   118,
     130,   116,   126,   125,   129,   131,   136,   211,     0,   273,
       0,   228,   231,   230,   275,     0,   115,   270,   110,   109,
      21,   113,   111,    23,   153,    21,     0,     0,   261,   158,
     259,   263,     0,     0,     0,     0,   149,     0,   242,     0,
     225,   144,   143,   147,     0,     0,   172,     0,   195,   201,
     185,   178,   179,   176,     0,   187,   188,   186,   184,   183,
     200,   197,   194,   191,   180,   189,   177,     0,     0,     0,
       0,   307,   305,   309,   160,     0,     0,   152,   161,   240,
       0,     0,     0,     0,     0,     0,     0,     0,     0,   102,
     103,     0,     0,     0,   295,     0,   296,   293,     0,   294,
     290,   291,   292,     0,     0,    23,     0,    97,     0,     0,
      21,    23,     0,    40,    23,     0,    42,    91,    81,    78,
      82,    85,    84,    99,    83,    86,   117,    21,    21,   127,
     227,     0,   272,   274,   114,    23,   112,    21,   214,     0,
      21,   174,    21,   264,   157,   156,     0,   212,     0,     0,
       0,   165,   171,     0,   246,     0,     0,   243,   245,   244,
     247,   302,   169,     0,    21,   241,     0,   163,     0,   234,
       0,   235,     0,    20,    23,    39,     0,   100,     0,     0,
       0,   285,    23,    95,    96,   101,     0,     0,    80,    62,
       0,     0,     0,    98,     0,     0,     0,    21,     0,    21,
     138,     0,    45,   137,    23,    46,    21,   122,   121,   124,
     120,   128,   225,   213,   135,   132,     0,   133,   154,     0,
     283,     0,   159,   150,   175,     0,   168,   221,     0,   164,
     170,     0,   166,   236,   237,   162,     0,     0,     0,   289,
       0,   288,     0,     0,     0,    56,     0,     0,    94,    94,
       0,     0,    24,    27,    26,    66,    21,    21,    21,    69,
      23,   123,     0,    21,   284,   266,   173,   167,   151,     0,
      21,    21,   286,     0,     0,     0,    21,    97,     0,     0,
       0,     0,    51,    52,     0,     0,     0,    23,     0,    21,
     141,    43,   140,   134,     0,    21,     0,     0,    87,    49,
      50,   287,     0,     0,     0,    65,     0,     0,    21,    21,
      21,    28,    92,    48,    41,   139,     0,   142,    32,     0,
      88,     0,     0,    21,    21,    57,     0,    61,    55,    54,
       0,     0,    67,    70,     0,    21,    33,     0,     0,    59,
      64,    94,    21,    29,    93,    22,    21,    76,    75,     0,
      21,     0,    63,     0,    21,    60,     0,    77,    89,     0,
      58
};

  /* YYPGOTO[NTERM-NUM].  */
static const yytype_int16 yypgoto[] =
{
    -514,  -514,  -514,  -514,  -514,  -514,  -514,  -514,  -514,  -514,
    -514,    -3,   -10,  -514,   134,   -76,  -514,  -514,  -514,  -514,
     -14,  -514,   517,   424,    15,  -514,  -514,  -514,  -514,  -514,
    -514,  -514,  -514,  -514,  -514,  -514,    81,  -361,  -513,  -264,
    -514,  -493,  -514,     3,   178,  -283,   -62,  -514,   -94,    37,
    -514,   -53,    91,  -274,   282,   293,  -514,  -514,   165,  -514,
     167,  -514,  -514,  -514,  -514,    83,  -514,    11,   164,  -514,
      47,    44,   -13,  -514,  -514,  -514,  -514,  -514,  -514,  -514,
    -514,  -514,  -514,  -514,  -514,   508,  -514,  -514,   430,  -137,
     -18,  -514,  -514,  -514,  -514,   206,  -514,  -514,   347,    40,
     -22,   -16,  -514,  -514,  -514,  -514,  -514,    57
};

  /* YYDEFGOTO[NTERM-NUM].  */
static const yytype_int16 yydefgoto[] =
{
      -1,     8,     9,    10,    11,    12,    13,    14,    15,   108,
     109,   110,   245,   435,   461,   236,   370,   515,   544,   590,
     119,   579,   256,   116,   117,   459,   466,   374,   372,   537,
     601,   506,   545,   549,   596,   608,   378,   112,   559,   246,
     592,   540,   445,   452,   382,   436,   447,   351,   238,   145,
     222,   171,   280,   283,   277,   387,   261,   262,   469,   263,
     264,   265,   266,   476,   477,   120,   121,   462,   463,   551,
     398,   113,    61,    62,   402,   337,    63,    64,    65,    66,
      67,    68,    69,    70,    71,    72,   149,    73,   138,   164,
      74,   481,   440,   499,   500,   357,   358,   228,    75,    76,
      77,    78,    79,    80,    81,    82,    83,   129
};

  /* YYTABLE[YYPACT[STATE-NUM]] -- What to do in state STATE-NUM.  If
     positive, shift that token.  If negative, reduce the rule whose
     number is the opposite.  If YYTABLE_NINF, syntax error.  */
static const yytype_int16 yytable[] =
{
      59,   128,   444,   122,   118,   140,   395,   118,    85,    59,
     284,   141,   183,   241,   184,   125,   541,   125,   560,   125,
      20,   125,   125,    20,   237,    20,   143,   111,   401,    22,
     125,   125,   168,    24,   298,   163,    16,   225,   162,   172,
      59,   214,   410,   215,   159,   125,   125,   594,   411,   239,
    -304,   150,  -304,    84,    60,   427,   243,  -306,   126,  -306,
     126,   464,   126,    60,   126,   126,   429,   139,   146,   299,
     438,   151,   465,   126,   126,   127,   431,   409,   153,   131,
     446,   133,   134,   595,   484,   454,   455,   155,   165,   126,
     147,   148,   182,   157,    60,   234,   489,   186,   187,   526,
     479,   618,   179,   180,   181,   166,   167,   156,   611,   180,
     181,   260,  -276,   182,   272,   426,   226,   428,   136,   185,
     273,  -278,   439,   180,   181,   227,   158,   137,  -277,   255,
     180,   181,   191,   229,   163,   279,   282,   162,  -275,   293,
     294,   180,   181,    17,   213,   373,  -274,    59,    59,   376,
     289,   180,   181,   296,   430,   125,   188,   169,   163,   180,
     181,   162,   170,   327,   328,  -308,   329,   507,   240,   330,
     432,   180,   181,   331,   180,   181,   271,   332,   333,   488,
     220,   275,   180,   181,   180,   181,   180,   181,   180,   181,
     223,   214,   520,   215,   287,   180,   181,  -304,   165,  -304,
     292,    60,    60,  -306,   361,  -306,   216,   348,   217,   334,
     362,   118,   350,   235,   300,   295,   393,   242,   221,   534,
     535,   180,   181,   403,   301,   302,   224,   304,   305,   307,
     248,   230,   335,   249,   250,   251,   252,   180,   181,   253,
     218,   377,   219,   547,   180,   181,   180,   181,   180,   181,
     444,   231,   338,   556,   557,   567,   232,   340,   341,   342,
     343,   344,   345,   346,   347,   482,   360,   399,   233,    84,
     282,   336,   565,   400,    20,    59,   412,   248,   244,   582,
     249,   250,   251,   252,   189,   190,   253,   247,   180,   181,
     267,   276,   379,   379,   379,   383,   379,   379,   597,   278,
     180,   181,   286,    84,   587,   588,   589,   257,    20,   180,
     181,   258,   391,   123,   285,   259,  -100,   417,   124,   599,
     600,   180,   181,   180,   181,   281,   297,   125,   425,    60,
     380,   381,   288,   384,   385,   180,   181,   472,   612,   406,
     290,   299,   361,   408,   349,   354,   615,   123,   362,   483,
     371,   490,   124,   443,   375,   365,   456,   352,   353,   355,
     118,   363,   364,   386,   366,   367,   368,   369,   389,   394,
     126,   396,   415,   416,   404,   407,   405,   468,   468,   546,
     423,  -309,  -309,  -309,   212,   409,   181,   475,    18,   163,
     480,   414,   162,   424,    20,   441,   437,   437,    22,   418,
     419,    20,    24,   193,   360,    22,   491,   448,   356,    24,
     383,   453,   437,   437,    59,   207,   420,   397,   421,   434,
     208,   530,   531,   209,   210,   211,   212,   442,   536,   460,
     467,   207,   458,   474,   542,   543,   208,   478,   486,   209,
     210,   211,   212,   492,   493,   193,   194,   514,   494,   279,
     495,   497,   498,   485,   208,    20,   282,   209,   210,   211,
     212,   502,   504,   568,   569,   570,   505,   508,    60,   572,
     204,   205,   206,   207,   509,   510,   511,   516,   208,   501,
     580,   209,   210,   211,   212,   513,   518,   583,   584,   523,
     525,   527,   529,   528,   437,   532,   533,   555,   538,   450,
     539,   553,   591,   163,   548,   457,   162,   282,   118,   554,
     602,   550,   562,   118,   563,   564,   573,   581,   585,   586,
     558,   558,   610,   524,   605,   598,   603,   609,   606,   130,
     115,   132,   619,   614,   135,   576,   142,   144,   254,   118,
     566,   193,   194,   620,   451,   578,   437,   437,   152,   616,
     517,   154,   392,   470,   388,   160,   471,   522,   574,   473,
       0,   173,   174,   175,   176,   177,   270,   552,   496,   207,
     449,     0,   561,   359,   208,     0,   503,   209,   210,   211,
     212,   453,   437,     0,   571,   607,   192,     0,   604,     0,
       0,     0,   613,   193,   194,     0,   118,     0,   519,     0,
       0,   443,     0,     0,   558,     0,   437,     0,   195,   196,
     413,   197,   198,   199,   200,   201,   202,   203,   204,   205,
     206,   207,     0,     0,     0,   437,   208,     0,     0,   209,
     210,   211,   212,   192,     0,     0,     0,     0,     0,     0,
     193,   194,     0,     0,   269,     0,     0,   193,   194,     0,
       0,     0,     0,     0,   397,   195,   196,     0,   197,   198,
     199,   200,   201,   202,   203,   204,   205,   206,   207,     0,
       0,     0,     0,   208,   206,   207,   209,   210,   211,   212,
     208,     0,     0,   209,   210,   211,   212,     0,     0,     0,
     303,     0,     0,     0,     0,     0,   308,     0,     0,   309,
     310,   311,   312,   313,   314,   315,   316,   317,   318,   319,
     320,   321,   322,   323,   324,   325,   326,   -13,    86,     1,
       2,     3,     4,     5,     6,     7,     0,    18,    84,     0,
      19,     0,     0,    20,     0,     0,    21,    22,    23,    87,
       0,    24,    25,    88,    89,    90,    26,    27,    91,     0,
       0,    92,    93,    94,    95,     0,    96,    97,    98,    99,
       0,     0,   100,    28,    29,   101,   102,   103,    30,    31,
     104,     0,    32,    33,    34,    35,    36,     0,    37,    38,
      39,    40,    41,    42,   105,   114,    43,     0,   106,    44,
      45,    46,    47,    48,     0,     0,    49,    50,    51,     0,
       0,     0,     0,     0,   107,     0,     0,     0,    52,     0,
       0,     0,     0,     0,     0,     0,     0,     0,     0,     0,
      -3,    86,     0,    53,    54,     0,    55,     0,    56,    57,
      18,    84,     0,    19,     0,    58,    20,     0,     0,    21,
      22,    23,    87,     0,    24,    25,    88,    89,    90,    26,
      27,    91,     0,     0,    92,    93,    94,    95,     0,    96,
      97,    98,    99,     0,     0,   100,    28,    29,   101,   102,
     103,    30,    31,   104,     0,    32,    33,    34,    35,    36,
       0,    37,    38,    39,    40,    41,    42,   105,   114,    43,
       0,   106,    44,    45,    46,    47,    48,     0,     0,    49,
      50,    51,     0,     0,     0,     0,     0,   107,     0,     0,
       0,    52,     0,     0,     0,     0,     0,     0,     0,     0,
       0,   487,     0,     0,     0,     0,    53,    54,     0,    55,
       0,    56,    57,    86,     0,     0,     0,     0,    58,     0,
       0,     0,    18,    84,   433,    19,     0,     0,    20,     0,
       0,    21,    22,    23,    87,     0,    24,    25,    88,    89,
      90,    26,    27,    91,     0,     0,    92,    93,    94,    95,
       0,    96,    97,    98,    99,   521,     0,   100,    28,    29,
     101,   102,   103,    30,    31,   104,     0,    32,    33,    34,
      35,    36,     0,    37,    38,    39,    40,    41,    42,   105,
     114,    43,     0,   106,    44,    45,    46,    47,    48,     0,
       0,    49,    50,    51,     0,     0,     0,     0,     0,   107,
       0,     0,     0,    52,     0,     0,     0,     0,     0,     0,
       0,     0,     0,     0,     0,     0,    86,     0,    53,    54,
       0,    55,     0,    56,    57,    18,    84,   512,    19,     0,
      58,    20,     0,     0,    21,    22,    23,    87,     0,    24,
      25,    88,    89,    90,    26,    27,    91,     0,     0,    92,
      93,    94,    95,     0,    96,    97,    98,    99,     0,     0,
     100,    28,    29,   101,   102,   103,    30,    31,   104,     0,
      32,    33,    34,    35,    36,     0,    37,    38,    39,    40,
      41,    42,   105,   114,    43,     0,   106,    44,    45,    46,
      47,    48,     0,     0,    49,    50,    51,     0,     0,     0,
       0,     0,   107,     0,     0,     0,    52,     0,     0,     0,
       0,     0,     0,     0,     0,     0,     0,     0,     0,    86,
       0,    53,    54,     0,    55,     0,    56,    57,    18,    84,
     575,    19,     0,    58,    20,     0,     0,    21,    22,    23,
      87,     0,    24,    25,    88,    89,    90,    26,    27,    91,
       0,     0,    92,    93,    94,    95,     0,    96,    97,    98,
      99,     0,     0,   100,    28,    29,   101,   102,   103,    30,
      31,   104,     0,    32,    33,    34,    35,    36,     0,    37,
      38,    39,    40,    41,    42,   105,   114,    43,     0,   106,
      44,    45,    46,    47,    48,     0,     0,    49,    50,    51,
       0,     0,     0,     0,     0,   107,     0,     0,     0,    52,
       0,     0,     0,     0,     0,     0,     0,     0,     0,     0,
       0,     0,    86,     0,    53,    54,     0,    55,     0,    56,
      57,    18,    84,   577,    19,     0,    58,    20,     0,     0,
      21,    22,    23,    87,     0,    24,    25,    88,    89,    90,
      26,    27,    91,     0,     0,    92,    93,    94,    95,     0,
      96,    97,    98,    99,     0,     0,   100,    28,    29,   101,
     102,   103,    30,    31,   104,     0,    32,    33,    34,    35,
      36,     0,    37,    38,    39,    40,    41,    42,   105,   114,
      43,     0,   106,    44,    45,    46,    47,    48,     0,     0,
      49,    50,    51,     0,     0,     0,     0,     0,   107,     0,
       0,     0,    52,     0,     0,     0,     0,     0,     0,     0,
       0,     0,     0,     0,     0,    86,     0,    53,    54,     0,
      55,     0,    56,    57,    18,    84,   593,    19,     0,    58,
      20,     0,     0,    21,    22,    23,    87,     0,    24,    25,
      88,    89,    90,    26,    27,    91,     0,     0,    92,    93,
      94,    95,     0,    96,    97,    98,    99,     0,     0,   100,
      28,    29,   101,   102,   103,    30,    31,   104,     0,    32,
      33,    34,    35,    36,     0,    37,    38,    39,    40,    41,
      42,   105,   114,    43,     0,   106,    44,    45,    46,    47,
      48,     0,     0,    49,    50,    51,     0,     0,     0,     0,
       0,   107,     0,     0,     0,    52,     0,     0,     0,     0,
       0,     0,     0,     0,     0,     0,     0,     0,    86,     0,
      53,    54,     0,    55,     0,    56,    57,    18,    84,     0,
      19,     0,    58,    20,     0,     0,    21,    22,    23,    87,
       0,    24,    25,    88,    89,    90,    26,    27,    91,     0,
       0,    92,    93,    94,    95,     0,    96,    97,    98,    99,
       0,     0,   100,    28,    29,   101,   102,   103,    30,    31,
     104,     0,    32,    33,    34,    35,    36,     0,    37,    38,
      39,    40,    41,    42,   105,   114,    43,     0,   106,    44,
      45,    46,    47,    48,     0,     0,    49,    50,    51,     0,
       0,   617,     0,     0,   107,     0,     0,     0,    52,     0,
       0,     0,     0,     0,     0,     0,     0,     0,     0,     0,
       0,    86,     0,    53,    54,     0,    55,     0,    56,    57,
      18,    84,     0,    19,     0,    58,    20,     0,     0,    21,
      22,    23,    87,     0,    24,    25,    88,    89,    90,    26,
      27,    91,     0,     0,    92,    93,    94,    95,     0,    96,
      97,    98,    99,     0,     0,   100,    28,    29,   101,   102,
     103,    30,    31,   104,     0,    32,    33,    34,    35,    36,
       0,    37,    38,    39,    40,    41,    42,   105,   114,    43,
       0,   106,    44,    45,    46,    47,    48,     0,     0,    49,
      50,    51,     0,     0,     0,     0,     0,   107,     0,     0,
       0,    52,     0,     0,     0,     0,     0,     0,     0,     0,
       0,     0,     0,     0,    86,     0,    53,    54,     0,    55,
       0,    56,    57,    18,    84,     0,    19,     0,    58,    20,
       0,     0,    21,    22,    23,    87,     0,    24,    25,    88,
      89,    90,    26,    27,    91,     0,     0,    92,    93,    94,
      95,     0,    96,    97,    98,    99,     0,     0,   100,    28,
      29,   101,   102,   103,    30,    31,   104,     0,    32,    33,
      34,    35,    36,     0,    37,    38,    39,    40,    41,    42,
     105,     0,    43,     0,   106,    44,    45,    46,    47,    48,
       0,     0,    49,    50,    51,     0,     0,     0,     0,     0,
     107,     0,     0,     0,    52,     0,     0,     0,     0,     0,
       0,     0,     0,     0,    86,     0,     0,     0,     0,    53,
      54,     0,    55,    18,    56,    57,    19,     0,     0,    20,
       0,    58,    21,    22,    23,   -21,     0,    24,    25,     0,
       0,     0,    26,    27,     0,     0,     0,     0,     0,     0,
       0,     0,     0,     0,     0,     0,     0,     0,     0,    28,
      29,     0,     0,     0,    30,    31,     0,     0,    32,    33,
      34,    35,    36,     0,    37,    38,    39,    40,    41,    42,
       0,     0,    43,     0,     0,    44,    45,    46,    47,    48,
       0,     0,    49,    50,    51,     0,     0,     0,     0,     0,
       0,     0,     0,     0,    52,     0,     0,     0,     0,     0,
       0,     0,     0,     0,    86,     0,     0,     0,     0,    53,
      54,     0,    55,    18,    56,    57,    19,     0,     0,    20,
       0,    58,    21,    22,    23,     0,     0,    24,    25,     0,
       0,     0,    26,    27,     0,     0,     0,     0,     0,     0,
       0,     0,     0,     0,     0,     0,     0,     0,     0,    28,
      29,     0,     0,     0,    30,    31,     0,     0,    32,    33,
      34,    35,    36,     0,    37,    38,    39,    40,    41,    42,
       0,     0,    43,     0,     0,    44,    45,    46,    47,    48,
       0,     0,    49,    50,    51,     0,     0,     0,     0,     0,
       0,     0,     0,     0,    52,     0,     0,     0,     0,     0,
       0,     0,     0,     0,     0,     0,     0,     0,     0,    53,
      54,  -228,    55,     0,    56,    57,     0,     0,     0,     0,
     -21,    58,   214,     0,   215,  -228,  -228,     0,     0,   192,
       0,     0,     0,  -228,  -228,     0,   193,   194,     0,     0,
       0,     0,  -228,     0,     0,  -228,  -228,  -228,  -228,     0,
       0,  -228,   196,     0,   197,   198,   199,   200,   201,   202,
     203,   204,   205,   206,   207,     0,     0,     0,     0,   208,
       0,     0,   209,   210,   211,   212,     0,     0,     0,     0,
       0,  -228,     0,     0,     0,     0,     0,     0,  -228,  -228,
       0,     0,     0,     0,     0,     0,     0,  -228,     0,     0,
    -228,  -228,     0,  -228,  -228,  -228,  -228,  -228,  -228,  -228,
    -228,  -228,  -228,  -228,  -228,  -228,  -228,  -267,     0,     0,
       0,  -228,     0,     0,  -228,  -228,  -228,  -228,  -228,     0,
       0,  -267,  -267,     0,  -309,     0,     0,     0,     0,  -267,
    -267,   193,   194,     0,     0,     0,     0,     0,  -267,     0,
       0,  -267,  -267,  -267,  -267,     0,     0,  -267,     0,   197,
     198,   199,   200,   201,   202,   203,   204,   205,   206,   207,
       0,     0,     0,     0,   208,     0,     0,   209,   210,   211,
     212,     0,     0,     0,     0,     0,     0,  -267,     0,     0,
       0,     0,     0,     0,  -267,  -267,     0,     0,     0,     0,
       0,     0,     0,  -267,     0,     0,  -267,  -267,     0,  -267,
    -267,  -267,  -267,  -267,  -267,  -267,  -267,  -267,  -267,  -267,
    -267,  -267,  -267,     0,     0,     0,     0,  -267,     0,     0,
    -267,  -267,  -267,  -267,  -267,    18,    84,     0,    19,     0,
       0,    20,     0,     0,    21,    22,    23,     0,     0,    24,
      25,     0,     0,     0,    26,    27,     0,     0,     0,     0,
       0,     0,     0,     0,     0,     0,     0,     0,     0,     0,
       0,    28,    29,     0,     0,     0,    30,    31,     0,     0,
     161,    33,    34,    35,    36,   124,    37,    38,    39,    40,
      41,    42,     0,     0,    43,     0,     0,    44,    45,    46,
      47,    48,     0,     0,    49,    50,    51,     0,    18,    84,
       0,    19,     0,     0,    20,     0,    52,    21,    22,    23,
       0,     0,    24,    25,     0,     0,     0,    26,    27,     0,
       0,    53,    54,     0,    55,     0,    56,    57,     0,     0,
       0,     0,     0,    58,    28,    29,     0,     0,     0,    30,
      31,     0,     0,    32,    33,    34,    35,    36,     0,    37,
      38,    39,    40,    41,    42,     0,     0,    43,     0,     0,
      44,    45,    46,    47,    48,     0,     0,    49,    50,    51,
       0,    18,     0,     0,    19,     0,     0,    20,     0,    52,
      21,    22,    23,     0,     0,    24,    25,     0,     0,     0,
      26,    27,     0,     0,    53,    54,     0,    55,     0,    56,
      57,     0,     0,     0,     0,     0,    58,    28,    29,     0,
       0,     0,    30,    31,     0,     0,    32,    33,    34,    35,
      36,     0,    37,    38,    39,    40,    41,    42,     0,     0,
      43,     0,     0,    44,    45,    46,    47,    48,     0,     0,
      49,    50,    51,     0,    18,     0,     0,    19,     0,     0,
      20,     0,    52,    21,    22,    23,     0,     0,    24,    25,
       0,     0,     0,    26,    27,     0,     0,    53,    54,     0,
      55,     0,    56,    57,     0,     0,     0,     0,   178,    58,
      28,    29,     0,     0,     0,    30,    31,     0,     0,    32,
      33,    34,    35,    36,     0,    37,    38,    39,    40,    41,
      42,     0,     0,    43,     0,     0,    44,    45,    46,    47,
      48,     0,     0,    49,    50,    51,     0,    18,     0,     0,
      19,     0,     0,    20,     0,    52,    21,    22,    23,     0,
       0,    24,    25,     0,     0,     0,    26,    27,     0,     0,
      53,    54,     0,    55,     0,    56,    57,     0,     0,     0,
       0,   274,    58,    28,    29,     0,     0,     0,    30,    31,
       0,     0,    32,    33,    34,    35,    36,     0,    37,    38,
      39,    40,    41,    42,     0,     0,    43,     0,     0,    44,
      45,    46,    47,    48,     0,     0,    49,    50,    51,     0,
      18,     0,     0,    19,     0,     0,    20,     0,    52,    21,
      22,    23,     0,     0,    24,    25,     0,     0,     0,    26,
      27,     0,     0,    53,    54,     0,    55,     0,    56,    57,
       0,     0,     0,     0,   291,    58,    28,    29,     0,     0,
       0,    30,    31,     0,     0,    32,    33,    34,    35,    36,
       0,    37,    38,    39,    40,    41,    42,     0,     0,    43,
       0,     0,    44,    45,    46,    47,    48,     0,     0,    49,
      50,    51,     0,    18,     0,     0,    19,     0,     0,    20,
       0,    52,    21,    22,    23,     0,     0,    24,    25,     0,
       0,     0,    26,    27,     0,     0,    53,    54,     0,    55,
       0,    56,    57,     0,     0,     0,     0,   306,    58,    28,
      29,     0,     0,     0,    30,    31,     0,     0,    32,    33,
      34,    35,    36,     0,    37,    38,    39,    40,    41,    42,
       0,     0,    43,     0,     0,    44,    45,    46,    47,    48,
       0,     0,    49,    50,    51,     0,    18,     0,     0,    19,
       0,     0,    20,     0,    52,    21,    22,    23,     0,     0,
      24,    25,     0,     0,     0,    26,    27,     0,     0,    53,
      54,     0,    55,     0,    56,    57,     0,     0,     0,     0,
     339,    58,    28,    29,     0,     0,     0,    30,    31,     0,
       0,    32,    33,    34,    35,    36,     0,    37,    38,    39,
      40,    41,    42,     0,     0,    43,     0,     0,    44,    45,
      46,    47,    48,     0,     0,    49,    50,    51,     0,    18,
       0,     0,    19,     0,     0,    20,     0,    52,    21,    22,
      23,     0,     0,    24,    25,     0,     0,     0,    26,    27,
       0,     0,    53,    54,     0,    55,     0,    56,    57,     0,
       0,     0,     0,   390,    58,    28,    29,     0,     0,     0,
      30,    31,     0,     0,    32,    33,    34,    35,    36,     0,
      37,    38,    39,    40,    41,    42,     0,     0,    43,     0,
       0,    44,    45,    46,    47,    48,     0,     0,    49,    50,
      51,     0,    18,     0,     0,    19,     0,     0,    20,     0,
      52,    21,    22,    23,     0,     0,    24,    25,     0,     0,
       0,    26,    27,     0,     0,    53,    54,     0,    55,     0,
      56,    57,     0,     0,     0,     0,   422,    58,    28,    29,
       0,     0,     0,    30,    31,     0,     0,    32,    33,    34,
      35,    36,     0,    37,    38,    39,    40,    41,    42,     0,
       0,    43,     0,     0,    44,    45,    46,    47,    48,     0,
       0,    49,    50,    51,     0,    18,     0,     0,    19,     0,
       0,    20,     0,    52,    21,    22,    23,     0,     0,    24,
      25,     0,     0,     0,    26,    27,     0,     0,    53,    54,
       0,    55,     0,    56,    57,     0,     0,     0,     0,     0,
      58,    28,    29,     0,     0,     0,    30,    31,     0,     0,
      32,    33,    34,    35,    36,     0,    37,    38,    39,    40,
      41,    42,     0,     0,    43,     0,     0,    44,    45,    46,
      47,    48,     0,     0,    49,    50,    51,     0,     0,     0,
       0,     0,     0,     0,     0,     0,    52,     0,     0,     0,
       0,     0,     0,     0,   193,   194,     0,     0,     0,     0,
       0,    53,    54,     0,    55,     0,    56,    57,     0,     0,
       0,     0,     0,   268,   199,   200,   201,   202,   203,   204,
     205,   206,   207,   193,   194,     0,     0,   208,     0,     0,
     209,   210,   211,   212,     0,     0,     0,     0,     0,     0,
       0,   193,   194,     0,   200,   201,   202,   203,   204,   205,
     206,   207,     0,     0,     0,     0,   208,     0,     0,   209,
     210,   211,   212,   201,   202,   203,   204,   205,   206,   207,
     193,   194,     0,     0,   208,     0,     0,   209,   210,   211,
     212,     0,     0,     0,     0,     0,     0,     0,     0,     0,
       0,     0,     0,   202,   203,   204,   205,   206,   207,     0,
       0,     0,     0,   208,     0,     0,   209,   210,   211,   212
};

static const yytype_int16 yycheck[] =
{
      10,    19,   363,    17,    14,    27,   280,    17,    11,    19,
     147,    27,    11,   107,    13,    18,   509,    20,   531,    22,
      16,    24,    25,    16,   100,    16,    29,    12,    14,    20,
      33,    34,    50,    24,   171,    48,     0,    30,    48,    52,
      50,    11,    22,    13,    47,    48,    49,    22,    14,   102,
      11,    13,    13,    11,    10,    14,   109,    11,    18,    13,
      20,    11,    22,    19,    24,    25,    14,    27,    31,    13,
     353,   118,    22,    33,    34,    18,    14,    13,    41,    22,
     363,    24,    25,    58,    14,   368,   369,   118,    48,    49,
      33,    34,    15,    85,    50,    98,    14,   102,   103,    14,
      23,   614,    58,    89,    90,    48,    49,   118,   601,    89,
      90,   121,    82,    15,   136,    22,   109,    22,   109,   118,
     136,    82,   118,    89,    90,   118,   118,   118,    82,   114,
      89,    90,   100,    93,   147,   145,   146,   147,    82,   157,
     158,    89,    90,     9,   118,   239,    82,   157,   158,   243,
     153,    89,    90,   166,    22,   158,   102,    55,   171,    89,
      90,   171,    60,    10,    11,    11,    13,   450,    22,    16,
      22,    89,    90,    20,    89,    90,   136,    24,    25,    22,
      11,   137,    89,    90,    89,    90,    89,    90,    89,    90,
     118,    11,   466,    13,   150,    89,    90,    11,   158,    13,
     156,   157,   158,    11,   226,    13,    11,   221,    13,    56,
     226,   221,   222,    11,   117,   158,   117,    55,    84,   502,
     503,    89,    90,   117,   180,   181,   118,   183,   184,   185,
      31,   118,    79,    34,    35,    36,    37,    89,    90,    40,
      11,   244,    13,   517,    89,    90,    89,    90,    89,    90,
     611,   118,   212,    32,    33,   538,   118,   213,   214,   215,
     216,   217,   218,   219,   220,   402,   226,   285,   118,    11,
     280,   118,   536,   286,    16,   285,   117,    31,    38,   562,
      34,    35,    36,    37,   100,   101,    40,    22,    89,    90,
      14,    82,   248,   249,   250,   251,   252,   253,   581,    58,
      89,    90,    85,    11,   568,   569,   570,    16,    16,    89,
      90,    20,   268,    55,   118,    24,   117,    25,    60,   583,
     584,    89,    90,    89,    90,    82,    22,   330,   117,   285,
     249,   250,   117,   252,   253,    89,    90,   117,   602,   295,
     117,    13,   364,   299,    55,   109,   610,    55,   364,   117,
      43,   117,    60,   363,    55,   118,   370,   223,   224,   225,
     370,   227,   228,    60,   230,   231,   232,   233,    15,    58,
     330,    58,   328,   329,    86,    12,   117,   387,   388,   516,
     336,   113,   114,   115,   116,    13,    90,   397,    10,   402,
     400,    25,   402,   118,    16,   355,   352,   353,    20,    25,
      25,    16,    24,    77,   364,    20,   424,   363,    30,    24,
     366,   367,   368,   369,   424,   105,    25,   283,    25,    18,
     110,   497,   498,   113,   114,   115,   116,   118,   504,    22,
      92,   105,    55,   118,   510,   511,   110,   117,    12,   113,
     114,   115,   116,    12,    12,    77,    78,   457,    12,   459,
      12,   117,   117,   409,   110,    16,   466,   113,   114,   115,
     116,   118,   117,   539,   540,   541,    22,   117,   424,   545,
     102,   103,   104,   105,   117,   117,   117,    55,   110,   439,
     556,   113,   114,   115,   116,   118,    11,   563,   564,    11,
      86,    12,    22,   117,   450,    15,   117,    84,   118,   365,
     117,   117,    44,   516,   518,   371,   516,   517,   518,   523,
     586,    22,   118,   523,   117,   117,    22,   118,    22,   117,
     530,   531,   598,   479,    17,   117,   117,   117,    83,    21,
      13,    23,   117,   609,    26,   549,    28,    29,   114,   549,
     537,    77,    78,   619,   366,   555,   502,   503,    40,   611,
     459,    43,   270,   388,   261,    47,   389,   474,   547,   395,
      -1,    53,    54,    55,    56,    57,   136,   520,   434,   105,
     364,    -1,   532,   226,   110,    -1,   442,   113,   114,   115,
     116,   537,   538,    -1,   544,   595,    70,    -1,   591,    -1,
      -1,    -1,   606,    77,    78,    -1,   606,    -1,   464,    -1,
      -1,   611,    -1,    -1,   614,    -1,   562,    -1,    92,    93,
      94,    95,    96,    97,    98,    99,   100,   101,   102,   103,
     104,   105,    -1,    -1,    -1,   581,   110,    -1,    -1,   113,
     114,   115,   116,    70,    -1,    -1,    -1,    -1,    -1,    -1,
      77,    78,    -1,    -1,   136,    -1,    -1,    77,    78,    -1,
      -1,    -1,    -1,    -1,   520,    92,    93,    -1,    95,    96,
      97,    98,    99,   100,   101,   102,   103,   104,   105,    -1,
      -1,    -1,    -1,   110,   104,   105,   113,   114,   115,   116,
     110,    -1,    -1,   113,   114,   115,   116,    -1,    -1,    -1,
     182,    -1,    -1,    -1,    -1,    -1,   188,    -1,    -1,   191,
     192,   193,   194,   195,   196,   197,   198,   199,   200,   201,
     202,   203,   204,   205,   206,   207,   208,     0,     1,     3,
       4,     5,     6,     7,     8,     9,    -1,    10,    11,    -1,
      13,    -1,    -1,    16,    -1,    -1,    19,    20,    21,    22,
      -1,    24,    25,    26,    27,    28,    29,    30,    31,    -1,
      -1,    34,    35,    36,    37,    -1,    39,    40,    41,    42,
      -1,    -1,    45,    46,    47,    48,    49,    50,    51,    52,
      53,    -1,    55,    56,    57,    58,    59,    -1,    61,    62,
      63,    64,    65,    66,    67,    68,    69,    -1,    71,    72,
      73,    74,    75,    76,    -1,    -1,    79,    80,    81,    -1,
      -1,    -1,    -1,    -1,    87,    -1,    -1,    -1,    91,    -1,
      -1,    -1,    -1,    -1,    -1,    -1,    -1,    -1,    -1,    -1,
       0,     1,    -1,   106,   107,    -1,   109,    -1,   111,   112,
      10,    11,    -1,    13,    -1,   118,    16,    -1,    -1,    19,
      20,    21,    22,    -1,    24,    25,    26,    27,    28,    29,
      30,    31,    -1,    -1,    34,    35,    36,    37,    -1,    39,
      40,    41,    42,    -1,    -1,    45,    46,    47,    48,    49,
      50,    51,    52,    53,    -1,    55,    56,    57,    58,    59,
      -1,    61,    62,    63,    64,    65,    66,    67,    68,    69,
      -1,    71,    72,    73,    74,    75,    76,    -1,    -1,    79,
      80,    81,    -1,    -1,    -1,    -1,    -1,    87,    -1,    -1,
      -1,    91,    -1,    -1,    -1,    -1,    -1,    -1,    -1,    -1,
      -1,   413,    -1,    -1,    -1,    -1,   106,   107,    -1,   109,
      -1,   111,   112,     1,    -1,    -1,    -1,    -1,   118,    -1,
      -1,    -1,    10,    11,    12,    13,    -1,    -1,    16,    -1,
      -1,    19,    20,    21,    22,    -1,    24,    25,    26,    27,
      28,    29,    30,    31,    -1,    -1,    34,    35,    36,    37,
      -1,    39,    40,    41,    42,   467,    -1,    45,    46,    47,
      48,    49,    50,    51,    52,    53,    -1,    55,    56,    57,
      58,    59,    -1,    61,    62,    63,    64,    65,    66,    67,
      68,    69,    -1,    71,    72,    73,    74,    75,    76,    -1,
      -1,    79,    80,    81,    -1,    -1,    -1,    -1,    -1,    87,
      -1,    -1,    -1,    91,    -1,    -1,    -1,    -1,    -1,    -1,
      -1,    -1,    -1,    -1,    -1,    -1,     1,    -1,   106,   107,
      -1,   109,    -1,   111,   112,    10,    11,    12,    13,    -1,
     118,    16,    -1,    -1,    19,    20,    21,    22,    -1,    24,
      25,    26,    27,    28,    29,    30,    31,    -1,    -1,    34,
      35,    36,    37,    -1,    39,    40,    41,    42,    -1,    -1,
      45,    46,    47,    48,    49,    50,    51,    52,    53,    -1,
      55,    56,    57,    58,    59,    -1,    61,    62,    63,    64,
      65,    66,    67,    68,    69,    -1,    71,    72,    73,    74,
      75,    76,    -1,    -1,    79,    80,    81,    -1,    -1,    -1,
      -1,    -1,    87,    -1,    -1,    -1,    91,    -1,    -1,    -1,
      -1,    -1,    -1,    -1,    -1,    -1,    -1,    -1,    -1,     1,
      -1,   106,   107,    -1,   109,    -1,   111,   112,    10,    11,
      12,    13,    -1,   118,    16,    -1,    -1,    19,    20,    21,
      22,    -1,    24,    25,    26,    27,    28,    29,    30,    31,
      -1,    -1,    34,    35,    36,    37,    -1,    39,    40,    41,
      42,    -1,    -1,    45,    46,    47,    48,    49,    50,    51,
      52,    53,    -1,    55,    56,    57,    58,    59,    -1,    61,
      62,    63,    64,    65,    66,    67,    68,    69,    -1,    71,
      72,    73,    74,    75,    76,    -1,    -1,    79,    80,    81,
      -1,    -1,    -1,    -1,    -1,    87,    -1,    -1,    -1,    91,
      -1,    -1,    -1,    -1,    -1,    -1,    -1,    -1,    -1,    -1,
      -1,    -1,     1,    -1,   106,   107,    -1,   109,    -1,   111,
     112,    10,    11,    12,    13,    -1,   118,    16,    -1,    -1,
      19,    20,    21,    22,    -1,    24,    25,    26,    27,    28,
      29,    30,    31,    -1,    -1,    34,    35,    36,    37,    -1,
      39,    40,    41,    42,    -1,    -1,    45,    46,    47,    48,
      49,    50,    51,    52,    53,    -1,    55,    56,    57,    58,
      59,    -1,    61,    62,    63,    64,    65,    66,    67,    68,
      69,    -1,    71,    72,    73,    74,    75,    76,    -1,    -1,
      79,    80,    81,    -1,    -1,    -1,    -1,    -1,    87,    -1,
      -1,    -1,    91,    -1,    -1,    -1,    -1,    -1,    -1,    -1,
      -1,    -1,    -1,    -1,    -1,     1,    -1,   106,   107,    -1,
     109,    -1,   111,   112,    10,    11,    12,    13,    -1,   118,
      16,    -1,    -1,    19,    20,    21,    22,    -1,    24,    25,
      26,    27,    28,    29,    30,    31,    -1,    -1,    34,    35,
      36,    37,    -1,    39,    40,    41,    42,    -1,    -1,    45,
      46,    47,    48,    49,    50,    51,    52,    53,    -1,    55,
      56,    57,    58,    59,    -1,    61,    62,    63,    64,    65,
      66,    67,    68,    69,    -1,    71,    72,    73,    74,    75,
      76,    -1,    -1,    79,    80,    81,    -1,    -1,    -1,    -1,
      -1,    87,    -1,    -1,    -1,    91,    -1,    -1,    -1,    -1,
      -1,    -1,    -1,    -1,    -1,    -1,    -1,    -1,     1,    -1,
     106,   107,    -1,   109,    -1,   111,   112,    10,    11,    -1,
      13,    -1,   118,    16,    -1,    -1,    19,    20,    21,    22,
      -1,    24,    25,    26,    27,    28,    29,    30,    31,    -1,
      -1,    34,    35,    36,    37,    -1,    39,    40,    41,    42,
      -1,    -1,    45,    46,    47,    48,    49,    50,    51,    52,
      53,    -1,    55,    56,    57,    58,    59,    -1,    61,    62,
      63,    64,    65,    66,    67,    68,    69,    -1,    71,    72,
      73,    74,    75,    76,    -1,    -1,    79,    80,    81,    -1,
      -1,    84,    -1,    -1,    87,    -1,    -1,    -1,    91,    -1,
      -1,    -1,    -1,    -1,    -1,    -1,    -1,    -1,    -1,    -1,
      -1,     1,    -1,   106,   107,    -1,   109,    -1,   111,   112,
      10,    11,    -1,    13,    -1,   118,    16,    -1,    -1,    19,
      20,    21,    22,    -1,    24,    25,    26,    27,    28,    29,
      30,    31,    -1,    -1,    34,    35,    36,    37,    -1,    39,
      40,    41,    42,    -1,    -1,    45,    46,    47,    48,    49,
      50,    51,    52,    53,    -1,    55,    56,    57,    58,    59,
      -1,    61,    62,    63,    64,    65,    66,    67,    68,    69,
      -1,    71,    72,    73,    74,    75,    76,    -1,    -1,    79,
      80,    81,    -1,    -1,    -1,    -1,    -1,    87,    -1,    -1,
      -1,    91,    -1,    -1,    -1,    -1,    -1,    -1,    -1,    -1,
      -1,    -1,    -1,    -1,     1,    -1,   106,   107,    -1,   109,
      -1,   111,   112,    10,    11,    -1,    13,    -1,   118,    16,
      -1,    -1,    19,    20,    21,    22,    -1,    24,    25,    26,
      27,    28,    29,    30,    31,    -1,    -1,    34,    35,    36,
      37,    -1,    39,    40,    41,    42,    -1,    -1,    45,    46,
      47,    48,    49,    50,    51,    52,    53,    -1,    55,    56,
      57,    58,    59,    -1,    61,    62,    63,    64,    65,    66,
      67,    -1,    69,    -1,    71,    72,    73,    74,    75,    76,
      -1,    -1,    79,    80,    81,    -1,    -1,    -1,    -1,    -1,
      87,    -1,    -1,    -1,    91,    -1,    -1,    -1,    -1,    -1,
      -1,    -1,    -1,    -1,     1,    -1,    -1,    -1,    -1,   106,
     107,    -1,   109,    10,   111,   112,    13,    -1,    -1,    16,
      -1,   118,    19,    20,    21,    22,    -1,    24,    25,    -1,
      -1,    -1,    29,    30,    -1,    -1,    -1,    -1,    -1,    -1,
      -1,    -1,    -1,    -1,    -1,    -1,    -1,    -1,    -1,    46,
      47,    -1,    -1,    -1,    51,    52,    -1,    -1,    55,    56,
      57,    58,    59,    -1,    61,    62,    63,    64,    65,    66,
      -1,    -1,    69,    -1,    -1,    72,    73,    74,    75,    76,
      -1,    -1,    79,    80,    81,    -1,    -1,    -1,    -1,    -1,
      -1,    -1,    -1,    -1,    91,    -1,    -1,    -1,    -1,    -1,
      -1,    -1,    -1,    -1,     1,    -1,    -1,    -1,    -1,   106,
     107,    -1,   109,    10,   111,   112,    13,    -1,    -1,    16,
      -1,   118,    19,    20,    21,    -1,    -1,    24,    25,    -1,
      -1,    -1,    29,    30,    -1,    -1,    -1,    -1,    -1,    -1,
      -1,    -1,    -1,    -1,    -1,    -1,    -1,    -1,    -1,    46,
      47,    -1,    -1,    -1,    51,    52,    -1,    -1,    55,    56,
      57,    58,    59,    -1,    61,    62,    63,    64,    65,    66,
      -1,    -1,    69,    -1,    -1,    72,    73,    74,    75,    76,
      -1,    -1,    79,    80,    81,    -1,    -1,    -1,    -1,    -1,
      -1,    -1,    -1,    -1,    91,    -1,    -1,    -1,    -1,    -1,
      -1,    -1,    -1,    -1,    -1,    -1,    -1,    -1,    -1,   106,
     107,     0,   109,    -1,   111,   112,    -1,    -1,    -1,    -1,
     117,   118,    11,    -1,    13,    14,    15,    -1,    -1,    70,
      -1,    -1,    -1,    22,    23,    -1,    77,    78,    -1,    -1,
      -1,    -1,    31,    -1,    -1,    34,    35,    36,    37,    -1,
      -1,    40,    93,    -1,    95,    96,    97,    98,    99,   100,
     101,   102,   103,   104,   105,    -1,    -1,    -1,    -1,   110,
      -1,    -1,   113,   114,   115,   116,    -1,    -1,    -1,    -1,
      -1,    70,    -1,    -1,    -1,    -1,    -1,    -1,    77,    78,
      -1,    -1,    -1,    -1,    -1,    -1,    -1,    86,    -1,    -1,
      89,    90,    -1,    92,    93,    94,    95,    96,    97,    98,
      99,   100,   101,   102,   103,   104,   105,     0,    -1,    -1,
      -1,   110,    -1,    -1,   113,   114,   115,   116,   117,    -1,
      -1,    14,    15,    -1,    70,    -1,    -1,    -1,    -1,    22,
      23,    77,    78,    -1,    -1,    -1,    -1,    -1,    31,    -1,
      -1,    34,    35,    36,    37,    -1,    -1,    40,    -1,    95,
      96,    97,    98,    99,   100,   101,   102,   103,   104,   105,
      -1,    -1,    -1,    -1,   110,    -1,    -1,   113,   114,   115,
     116,    -1,    -1,    -1,    -1,    -1,    -1,    70,    -1,    -1,
      -1,    -1,    -1,    -1,    77,    78,    -1,    -1,    -1,    -1,
      -1,    -1,    -1,    86,    -1,    -1,    89,    90,    -1,    92,
      93,    94,    95,    96,    97,    98,    99,   100,   101,   102,
     103,   104,   105,    -1,    -1,    -1,    -1,   110,    -1,    -1,
     113,   114,   115,   116,   117,    10,    11,    -1,    13,    -1,
      -1,    16,    -1,    -1,    19,    20,    21,    -1,    -1,    24,
      25,    -1,    -1,    -1,    29,    30,    -1,    -1,    -1,    -1,
      -1,    -1,    -1,    -1,    -1,    -1,    -1,    -1,    -1,    -1,
      -1,    46,    47,    -1,    -1,    -1,    51,    52,    -1,    -1,
      55,    56,    57,    58,    59,    60,    61,    62,    63,    64,
      65,    66,    -1,    -1,    69,    -1,    -1,    72,    73,    74,
      75,    76,    -1,    -1,    79,    80,    81,    -1,    10,    11,
      -1,    13,    -1,    -1,    16,    -1,    91,    19,    20,    21,
      -1,    -1,    24,    25,    -1,    -1,    -1,    29,    30,    -1,
      -1,   106,   107,    -1,   109,    -1,   111,   112,    -1,    -1,
      -1,    -1,    -1,   118,    46,    47,    -1,    -1,    -1,    51,
      52,    -1,    -1,    55,    56,    57,    58,    59,    -1,    61,
      62,    63,    64,    65,    66,    -1,    -1,    69,    -1,    -1,
      72,    73,    74,    75,    76,    -1,    -1,    79,    80,    81,
      -1,    10,    -1,    -1,    13,    -1,    -1,    16,    -1,    91,
      19,    20,    21,    -1,    -1,    24,    25,    -1,    -1,    -1,
      29,    30,    -1,    -1,   106,   107,    -1,   109,    -1,   111,
     112,    -1,    -1,    -1,    -1,    -1,   118,    46,    47,    -1,
      -1,    -1,    51,    52,    -1,    -1,    55,    56,    57,    58,
      59,    -1,    61,    62,    63,    64,    65,    66,    -1,    -1,
      69,    -1,    -1,    72,    73,    74,    75,    76,    -1,    -1,
      79,    80,    81,    -1,    10,    -1,    -1,    13,    -1,    -1,
      16,    -1,    91,    19,    20,    21,    -1,    -1,    24,    25,
      -1,    -1,    -1,    29,    30,    -1,    -1,   106,   107,    -1,
     109,    -1,   111,   112,    -1,    -1,    -1,    -1,   117,   118,
      46,    47,    -1,    -1,    -1,    51,    52,    -1,    -1,    55,
      56,    57,    58,    59,    -1,    61,    62,    63,    64,    65,
      66,    -1,    -1,    69,    -1,    -1,    72,    73,    74,    75,
      76,    -1,    -1,    79,    80,    81,    -1,    10,    -1,    -1,
      13,    -1,    -1,    16,    -1,    91,    19,    20,    21,    -1,
      -1,    24,    25,    -1,    -1,    -1,    29,    30,    -1,    -1,
     106,   107,    -1,   109,    -1,   111,   112,    -1,    -1,    -1,
      -1,   117,   118,    46,    47,    -1,    -1,    -1,    51,    52,
      -1,    -1,    55,    56,    57,    58,    59,    -1,    61,    62,
      63,    64,    65,    66,    -1,    -1,    69,    -1,    -1,    72,
      73,    74,    75,    76,    -1,    -1,    79,    80,    81,    -1,
      10,    -1,    -1,    13,    -1,    -1,    16,    -1,    91,    19,
      20,    21,    -1,    -1,    24,    25,    -1,    -1,    -1,    29,
      30,    -1,    -1,   106,   107,    -1,   109,    -1,   111,   112,
      -1,    -1,    -1,    -1,   117,   118,    46,    47,    -1,    -1,
      -1,    51,    52,    -1,    -1,    55,    56,    57,    58,    59,
      -1,    61,    62,    63,    64,    65,    66,    -1,    -1,    69,
      -1,    -1,    72,    73,    74,    75,    76,    -1,    -1,    79,
      80,    81,    -1,    10,    -1,    -1,    13,    -1,    -1,    16,
      -1,    91,    19,    20,    21,    -1,    -1,    24,    25,    -1,
      -1,    -1,    29,    30,    -1,    -1,   106,   107,    -1,   109,
      -1,   111,   112,    -1,    -1,    -1,    -1,   117,   118,    46,
      47,    -1,    -1,    -1,    51,    52,    -1,    -1,    55,    56,
      57,    58,    59,    -1,    61,    62,    63,    64,    65,    66,
      -1,    -1,    69,    -1,    -1,    72,    73,    74,    75,    76,
      -1,    -1,    79,    80,    81,    -1,    10,    -1,    -1,    13,
      -1,    -1,    16,    -1,    91,    19,    20,    21,    -1,    -1,
      24,    25,    -1,    -1,    -1,    29,    30,    -1,    -1,   106,
     107,    -1,   109,    -1,   111,   112,    -1,    -1,    -1,    -1,
     117,   118,    46,    47,    -1,    -1,    -1,    51,    52,    -1,
      -1,    55,    56,    57,    58,    59,    -1,    61,    62,    63,
      64,    65,    66,    -1,    -1,    69,    -1,    -1,    72,    73,
      74,    75,    76,    -1,    -1,    79,    80,    81,    -1,    10,
      -1,    -1,    13,    -1,    -1,    16,    -1,    91,    19,    20,
      21,    -1,    -1,    24,    25,    -1,    -1,    -1,    29,    30,
      -1,    -1,   106,   107,    -1,   109,    -1,   111,   112,    -1,
      -1,    -1,    -1,   117,   118,    46,    47,    -1,    -1,    -1,
      51,    52,    -1,    -1,    55,    56,    57,    58,    59,    -1,
      61,    62,    63,    64,    65,    66,    -1,    -1,    69,    -1,
      -1,    72,    73,    74,    75,    76,    -1,    -1,    79,    80,
      81,    -1,    10,    -1,    -1,    13,    -1,    -1,    16,    -1,
      91,    19,    20,    21,    -1,    -1,    24,    25,    -1,    -1,
      -1,    29,    30,    -1,    -1,   106,   107,    -1,   109,    -1,
     111,   112,    -1,    -1,    -1,    -1,   117,   118,    46,    47,
      -1,    -1,    -1,    51,    52,    -1,    -1,    55,    56,    57,
      58,    59,    -1,    61,    62,    63,    64,    65,    66,    -1,
      -1,    69,    -1,    -1,    72,    73,    74,    75,    76,    -1,
      -1,    79,    80,    81,    -1,    10,    -1,    -1,    13,    -1,
      -1,    16,    -1,    91,    19,    20,    21,    -1,    -1,    24,
      25,    -1,    -1,    -1,    29,    30,    -1,    -1,   106,   107,
      -1,   109,    -1,   111,   112,    -1,    -1,    -1,    -1,    -1,
     118,    46,    47,    -1,    -1,    -1,    51,    52,    -1,    -1,
      55,    56,    57,    58,    59,    -1,    61,    62,    63,    64,
      65,    66,    -1,    -1,    69,    -1,    -1,    72,    73,    74,
      75,    76,    -1,    -1,    79,    80,    81,    -1,    -1,    -1,
      -1,    -1,    -1,    -1,    -1,    -1,    91,    -1,    -1,    -1,
      -1,    -1,    -1,    -1,    77,    78,    -1,    -1,    -1,    -1,
      -1,   106,   107,    -1,   109,    -1,   111,   112,    -1,    -1,
      -1,    -1,    -1,   118,    97,    98,    99,   100,   101,   102,
     103,   104,   105,    77,    78,    -1,    -1,   110,    -1,    -1,
     113,   114,   115,   116,    -1,    -1,    -1,    -1,    -1,    -1,
      -1,    77,    78,    -1,    98,    99,   100,   101,   102,   103,
     104,   105,    -1,    -1,    -1,    -1,   110,    -1,    -1,   113,
     114,   115,   116,    99,   100,   101,   102,   103,   104,   105,
      77,    78,    -1,    -1,   110,    -1,    -1,   113,   114,   115,
     116,    -1,    -1,    -1,    -1,    -1,    -1,    -1,    -1,    -1,
      -1,    -1,    -1,   100,   101,   102,   103,   104,   105,    -1,
      -1,    -1,    -1,   110,    -1,    -1,   113,   114,   115,   116
};

  /* YYSTOS[STATE-NUM] -- The (internal number of the) accessing
     symbol of state STATE-NUM.  */
static const yytype_uint8 yystos[] =
{
       0,     3,     4,     5,     6,     7,     8,     9,   120,   121,
     122,   123,   124,   125,   126,   127,     0,   133,    10,    13,
      16,    19,    20,    21,    24,    25,    29,    30,    46,    47,
      51,    52,    55,    56,    57,    58,    59,    61,    62,    63,
      64,    65,    66,    69,    72,    73,    74,    75,    76,    79,
      80,    81,    91,   106,   107,   109,   111,   112,   118,   131,
     190,   191,   192,   195,   196,   197,   198,   199,   200,   201,
     202,   203,   204,   206,   209,   217,   218,   219,   220,   221,
     222,   223,   224,   225,    11,   130,     1,    22,    26,    27,
      28,    31,    34,    35,    36,    37,    39,    40,    41,    42,
      45,    48,    49,    50,    53,    67,    71,    87,   128,   129,
     130,   143,   156,   190,    68,   141,   142,   143,   131,   139,
     184,   185,   139,    55,    60,   130,   218,   226,   209,   226,
     204,   226,   204,   226,   226,   204,   109,   118,   207,   218,
     219,   220,   204,   130,   204,   168,   168,   226,   226,   205,
      13,   118,   204,   168,   204,   118,   118,    85,   118,   130,
     204,    55,   131,   191,   208,   218,   226,   226,   209,    55,
      60,   170,   191,   204,   204,   204,   204,   204,   117,   190,
      89,    90,    15,    11,    13,   118,   102,   103,   102,   100,
     101,   100,    70,    77,    78,    92,    93,    95,    96,    97,
      98,    99,   100,   101,   102,   103,   104,   105,   110,   113,
     114,   115,   116,   118,    11,    13,    11,    13,    11,    13,
      11,   133,   169,   118,   118,    30,   109,   118,   216,   218,
     118,   118,   118,   118,   130,    11,   134,   134,   167,   170,
      22,   167,    55,   170,    38,   131,   158,    22,    31,    34,
      35,    36,    37,    40,   142,   143,   141,    16,    20,    24,
     131,   175,   176,   178,   179,   180,   181,    14,   118,   204,
     207,   218,   219,   220,   117,   190,    82,   173,    58,   131,
     171,    82,   131,   172,   208,   118,    85,   190,   117,   130,
     117,   117,   190,   209,   209,   226,   191,    22,   208,    13,
     117,   190,   190,   204,   190,   190,   117,   190,   204,   204,
     204,   204,   204,   204,   204,   204,   204,   204,   204,   204,
     204,   204,   204,   204,   204,   204,   204,    10,    11,    13,
      16,    20,    24,    25,    56,    79,   118,   194,   218,   117,
     190,   190,   190,   190,   190,   190,   190,   190,   139,    55,
     131,   166,   133,   133,   109,   133,    30,   214,   215,   217,
     218,   219,   220,   133,   133,   118,   133,   133,   133,   133,
     135,    43,   147,   167,   146,    55,   167,   130,   155,   190,
     155,   155,   163,   190,   155,   155,    60,   174,   174,    15,
     117,   190,   173,   117,    58,   172,    58,   133,   189,   209,
     191,    14,   193,   117,    86,   117,   190,    12,   190,    13,
      22,    14,   117,    94,    25,   190,   190,    25,    25,    25,
      25,    25,   117,   190,   118,   117,    22,    14,    22,    14,
      22,    14,    22,    12,    18,   132,   164,   190,   164,   118,
     211,   218,   118,   131,   156,   161,   164,   165,   190,   214,
     133,   163,   162,   190,   164,   164,   139,   133,    55,   144,
      22,   133,   186,   187,    11,    22,   145,    92,   131,   177,
     177,   179,   117,   187,   118,   131,   182,   183,   117,    23,
     131,   210,   208,   117,    14,   190,    12,   204,    22,    14,
     117,   209,    12,    12,    12,    12,   133,   117,   117,   212,
     213,   218,   118,   133,   117,    22,   150,   164,   117,   117,
     117,   117,    12,   118,   131,   136,    55,   171,    11,   133,
     172,   204,   184,    11,   190,    86,    14,    12,   117,    22,
     134,   134,    15,   117,   164,   164,   134,   148,   118,   117,
     160,   160,   134,   134,   137,   151,   208,   172,   139,   152,
      22,   188,   189,   117,   139,    84,    32,    33,   131,   157,
     157,   218,   118,   117,   117,   158,   162,   164,   134,   134,
     134,   218,   134,    22,   186,    12,   139,    12,   131,   140,
     134,   118,   164,   134,   134,    22,   117,   158,   158,   158,
     138,    44,   159,    12,    22,    58,   153,   164,   117,   158,
     158,   149,   134,   117,   130,    17,    83,   131,   154,   117,
     134,   160,   158,   139,   134,   158,   165,    84,   157,   117,
     134
};

  /* YYR1[YYN] -- Symbol number of symbol that rule YYN derives.  */
static const yytype_uint8 yyr1[] =
{
       0,   119,   121,   120,   122,   120,   123,   120,   124,   120,
     125,   120,   126,   120,   127,   120,   128,   128,   129,   129,
     130,   131,   132,   133,   134,   135,   136,   137,   138,   136,
     139,   139,   140,   140,   141,   141,   142,   142,   143,   143,
     144,   143,   145,   143,   146,   143,   143,   147,   143,   143,
     143,   143,   143,   143,   143,   143,   148,   149,   143,   143,
     143,   143,   150,   143,   143,   143,   151,   143,   143,   152,
     143,   143,   143,   143,   143,   153,   154,   154,   155,   156,
     156,   156,   156,   156,   156,   156,   156,   157,   157,   157,
     158,   158,   159,   159,   160,   161,   161,   162,   162,   163,
     164,   165,   166,   166,   167,   168,   169,   170,   170,   171,
     171,   172,   172,   172,   173,   173,   174,   174,   175,   175,
     176,   177,   177,   177,   178,   179,   179,   180,   180,   180,
     181,   181,   182,   182,   183,   185,   184,   186,   186,   187,
     188,   188,   189,   190,   190,   190,   191,   191,   191,   192,
     192,   192,   192,   192,   192,   192,   192,   192,   193,   192,
     194,   194,   195,   195,   195,   195,   195,   195,   195,   195,
     195,   195,   195,   195,   195,   195,   196,   196,   196,   196,
     196,   196,   196,   196,   196,   196,   196,   196,   196,   196,
     197,   197,   197,   197,   198,   198,   199,   199,   199,   199,
     200,   200,   201,   201,   201,   201,   201,   201,   201,   201,
     201,   202,   202,   202,   202,   203,   203,   204,   204,   204,
     204,   204,   204,   204,   204,   204,   204,   204,   204,   204,
     204,   204,   204,   204,   204,   204,   204,   204,   204,   204,
     204,   204,   204,   204,   204,   204,   204,   204,   204,   204,
     204,   204,   204,   204,   204,   204,   204,   204,   204,   204,
     204,   204,   204,   204,   204,   205,   204,   204,   204,   204,
     206,   206,   206,   206,   207,   207,   207,   207,   207,   208,
     208,   209,   209,   210,   210,   211,   212,   212,   212,   213,
     214,   214,   214,   215,   215,   216,   216,   217,   218,   219,
     220,   221,   221,   222,   223,   223,   224,   224,   225,   225,
     226,   226,   226,   226
};

  /* YYR2[YYN] -- Number of symbols on the right hand side of rule YYN.  */
static const yytype_uint8 yyr2[] =
{
       0,     2,     0,     4,     0,     3,     0,     3,     0,     3,
       0,     3,     0,     3,     0,     3,     1,     1,     1,     1,
       4,     0,     7,     0,     4,     0,     1,     0,     0,     5,
       1,     2,     1,     2,     1,     1,     2,     2,     1,     4,
       0,     7,     0,     6,     0,     4,     4,     0,     7,     7,
       7,     6,     6,     2,     8,     8,     0,     0,    13,     9,
      11,     8,     0,    10,     9,     7,     0,     8,     2,     0,
       8,     2,     2,     2,     1,     2,     1,     3,     1,     1,
       1,     3,     3,     3,     3,     3,     3,     1,     2,     6,
       1,     2,     0,     2,     0,     1,     1,     0,     1,     1,
       1,     1,     1,     1,     0,     0,     0,     1,     1,     1,
       1,     1,     2,     1,     2,     1,     0,     1,     1,     1,
       3,     1,     1,     2,     3,     1,     1,     2,     3,     1,
       1,     1,     1,     1,     3,     0,     2,     1,     1,     4,
       1,     1,     5,     3,     3,     1,     2,     3,     1,     3,
       5,     6,     3,     3,     5,     2,     4,     4,     0,     5,
       1,     1,     5,     4,     5,     4,     5,     6,     5,     4,
       5,     4,     3,     6,     4,     5,     3,     3,     3,     3,
       3,     1,     1,     3,     3,     3,     3,     3,     3,     3,
       1,     3,     2,     2,     3,     3,     1,     3,     2,     2,
       3,     3,     2,     2,     2,     2,     2,     2,     2,     2,
       2,     3,     4,     5,     4,     2,     2,     1,     1,     1,
       1,     5,     2,     1,     2,     3,     1,     2,     1,     1,
       1,     1,     1,     1,     4,     4,     5,     5,     1,     1,
       3,     4,     3,     4,     4,     4,     4,     4,     1,     2,
       2,     1,     2,     2,     1,     2,     1,     2,     1,     3,
       1,     3,     1,     3,     4,     0,     6,     1,     1,     1,
       3,     2,     4,     3,     3,     2,     1,     1,     1,     1,
       1,     1,     1,     1,     2,     1,     2,     3,     1,     1,
       1,     1,     1,     1,     1,     2,     2,     2,     2,     2,
       2,     2,     4,     2,     1,     3,     1,     3,     1,     3,
       1,     1,     1,     1
};

typedef enum {
	toketype_ival, toketype_opval
} toketypes;

/* type of each token/terminal */
static const toketypes yy_type_tab[] =
{
  toketype_ival, toketype_ival, toketype_ival, toketype_ival, toketype_ival, toketype_ival,
  toketype_ival, toketype_ival, toketype_ival, toketype_ival,
  toketype_ival, toketype_ival, toketype_ival,
  toketype_ival, toketype_ival, toketype_ival,
  toketype_ival, toketype_ival, toketype_ival, toketype_ival,
  toketype_ival, toketype_ival, toketype_ival, toketype_ival,
  toketype_ival, toketype_ival, toketype_ival, toketype_ival, toketype_ival,
  toketype_ival, toketype_ival, toketype_ival, toketype_ival, toketype_ival, toketype_ival,
  toketype_ival, toketype_ival, toketype_ival, toketype_ival, toketype_ival, toketype_ival,
  toketype_ival, toketype_ival, toketype_ival, toketype_ival, toketype_ival,
  toketype_ival, toketype_ival, toketype_ival, toketype_ival,
  toketype_ival, toketype_ival, toketype_ival, toketype_ival,
  toketype_ival, toketype_opval, toketype_opval, toketype_opval, toketype_opval, toketype_opval,
  toketype_opval, toketype_opval, toketype_opval, toketype_opval, toketype_opval, toketype_opval,
  toketype_opval, toketype_opval, toketype_opval, toketype_ival, toketype_ival, toketype_ival, toketype_ival,
  toketype_ival, toketype_ival, toketype_ival, toketype_ival, toketype_ival, toketype_ival, toketype_ival,
  toketype_ival, toketype_ival, toketype_ival, toketype_ival, toketype_ival,
  toketype_ival, toketype_ival, toketype_ival, toketype_ival, toketype_ival, toketype_ival,
  toketype_ival, toketype_ival, toketype_ival, toketype_ival, toketype_ival,
  toketype_ival, toketype_ival, toketype_ival, toketype_ival, toketype_ival, toketype_ival, toketype_ival,
  toketype_ival, toketype_ival, toketype_ival, toketype_ival, toketype_ival,
  toketype_ival, toketype_ival, toketype_ival, toketype_ival, toketype_ival, toketype_ival, toketype_ival,
  toketype_ival, toketype_ival, toketype_ival, toketype_ival, toketype_ival,
  toketype_ival, toketype_ival, toketype_ival, toketype_ival, toketype_ival, toketype_ival, toketype_ival, toketype_ival, toketype_ival,
  toketype_ival, toketype_opval, toketype_opval, toketype_opval, toketype_ival,
  toketype_opval, toketype_ival, toketype_opval, toketype_ival, toketype_ival, toketype_opval,
  toketype_opval, toketype_opval, toketype_opval, toketype_opval, toketype_ival, toketype_ival,
  toketype_ival, toketype_ival, toketype_ival, toketype_ival, toketype_ival, toketype_ival, toketype_ival, toketype_opval,
  toketype_opval, toketype_opval, toketype_opval, toketype_opval, toketype_opval, toketype_opval, toketype_ival,
  toketype_opval, toketype_opval, toketype_opval, toketype_opval, toketype_opval, toketype_opval, toketype_ival,
  toketype_ival, toketype_ival, toketype_opval, toketype_opval, toketype_opval,
  toketype_opval, toketype_opval, toketype_ival, toketype_opval,
  toketype_opval, toketype_opval, toketype_opval, toketype_opval, toketype_opval,
  toketype_opval, toketype_opval, toketype_opval, toketype_ival, toketype_opval,
  toketype_opval, toketype_opval, toketype_opval, toketype_opval, toketype_opval, toketype_opval,
  toketype_ival, toketype_opval, toketype_opval, toketype_opval, toketype_opval,
  toketype_opval, toketype_opval, toketype_opval, toketype_opval, toketype_opval, toketype_opval,
  toketype_opval, toketype_ival, toketype_opval, toketype_opval, toketype_opval, toketype_opval,
  toketype_opval, toketype_opval, toketype_opval, toketype_opval,
  toketype_opval, toketype_opval, toketype_ival, toketype_opval, toketype_opval, toketype_opval, toketype_opval,
  toketype_opval, toketype_opval, toketype_opval, toketype_opval, toketype_opval, toketype_opval
};

/* Generated from:
 * cbf8b8ec6cd68484f5af190b08d85a5e184d294a51c4b8e2c5a153ed34a7520c perly.y
 * acf1cbfd2545faeaaa58b1cf0cf9d7f98b5be0752eb7a54528ef904a9e2e1ca7 regen_perly.pl
 * ex: set ro: */
